4294967278,60
4294967279,294
4294967279,318
4294967279,282
4294967278,62
4294967278,61
4294967279,85
4294967279,84
4294967279,83
4294967279,82
4294967279,80
4294967279,274
4294967279,261
4294967279,272
4294967279,271
4294967279,307
4294967279,269
4294967279,286
4294967279,304
4294967279,79
4294967279,78
4294967279,77
4294967279,76
4294967279,285
338,2
4294967279,264
4294967279,75
4294967279,393
4294967279,400
4294967279,284
4294967279,387
4294967278,365
4294967278,546
4294967278,545
4294967279,71
4294967279,70
4294967278,344
4294967278,542
4294967279,69
4294967279,68
4294967278,362
338,6
338,5
338,4
319,5
4294967279,64
4294967278,280
4294967278,538
4294967279,317
4294967278,571
4294967278,279
4294967278,535
4294967278,514
4294967278,372
4294967279,174
4294967279,62
4294967279,61
4294967279,60
4294967278,246
4294967278,245
4294967278,242
338,8
338,7
4294967278,240
319,1
319,4
4294967278,174
4294967279,58
4294967279,56
4294967279,55
4294967279,54
4294967279,52
4294967279,51
4294967279,49
4294967279,48
4294967279,46
4294967279,45
4294967279,43
4294967278,570
4294967278,236
4294967294,1053
4294967278,336
4294967278,278
4294967278,378
4294967278,513
4294967278,226
4294967294,1082
4294967278,217
4294967279,316
4294967278,224
4294967278,225
4294967278,222
4294967278,220
4294967278,214
4294967278,218
353,5
353,4
4294967278,216
353,3
353,2
353,1
4294967278,215
4294967278,541
4294967279,349
4294967279,42
4294967279,40
4294967279,38
4294967279,37
4294967279,36
4294967279,34
4294967279,33
4294967279,32
4294967279,30
4294967279,29
4294967279,27
4294967279,26
4294967279,24
4294967279,22
4294967279,21
4294967279,19
4294967279,18
4294967279,15
4294967279,14
4294967279,13
4294967278,531
309,2
4294967294,389
4294967279,315
4294967278,211
4294967294,479
4294967294,477
4294967278,557
4294967278,207
4294967294,1054
4294967294,395
4294967294,396
4294967294,409
4294967294,179
4294967294,421
4294967294,407
4294967294,178
4294967294,384
4294967294,168
4294967294,1045
4294967294,164
4294967294,119
4294967294,460
4294967294,451
4294967294,111
4294967294,387
4294967279,314
4294967278,366
4294967278,203
4294967278,202
4294967278,320
4294967278,537
4294967294,441
4294967294,390
4294967294,120
4294967278,275
4294967278,311
4294967279,199
4294967278,197
4294967278,196
4294967279,195
352,5
4294967278,195
352,4
352,3
352,2
352,1
4294967279,344
4294967278,194
4294967279,419
4294967278,192
4294967278,357
4294967294,38
4294967294,1356
4294967294,1035
4294967278,373
4294967278,307
4294967278,187
4294967278,186
4294967279,185
4294967278,185
4294967278,184
4294967294,36
4294967278,183
4294967294,39
4294967294,41
4294967294,43
4294967294,430
4294967294,76
4294967278,329
4294967294,45
4294967278,521
4294967278,328
4294967278,179
4294967294,52
4294967294,51
4294967294,92
4294967294,90
4294967294,88
4294967294,86
4294967294,85
4294967294,82
4294967279,425
4294967278,178
4294967278,304
4294967278,177
4294967294,1355
4294967278,176
4294967278,274
4294967278,260
4294967278,0
4294967279,175
4294967294,99
4294967279,171
4294967294,8
4294967279,288
4294967294,107
4294967279,167
4294967294,1083
4294967294,413
4294967294,392
4294967279,313
4294967279,260
4294967294,203
4294967294,81
4294967294,206
4294967294,11
4294967278,132
4294967278,131
4294967278,130
4294967278,129
4294967278,128
4294967278,127
4294967278,126
4294967278,125
4294967278,124
4294967278,123
4294967278,122
4294967278,121
4294967278,120
4294967278,119
4294967278,118
4294967278,117
4294967278,116
4294967278,115
4294967278,114
4294967278,113
4294967278,112
4294967278,111
4294967278,110
4294967278,109
4294967278,108
4294967278,107
4294967278,106
4294967278,105
4294967278,104
4294967278,103
4294967278,102
4294967278,101
4294967278,100
4294967278,99
4294967278,98
4294967278,97
4294967278,96
4294967278,95
4294967278,94
4294967278,93
4294967278,92
4294967278,91
4294967278,90
4294967278,89
4294967278,87
4294967278,86
4294967278,85
4294967278,84
4294967278,83
4294967278,82
4294967278,81
4294967278,80
4294967278,79
4294967278,78
4294967278,77
4294967278,76
4294967278,75
4294967278,74
4294967278,73
4294967278,72
4294967278,71
4294967278,70
4294967278,69
4294967278,68
4294967278,67
4294967278,66
4294967278,65
4294967278,64
4294967278,63
4294967279,81
4294967279,74
4294967279,73
4294967279,72
4294967279,67
4294967279,66
4294967279,65
4294967279,63
4294967279,59
4294967279,57
4294967279,53
4294967279,44
4294967279,39
4294967279,28
4294967279,431
4294967279,25
4294967279,418
4294967279,23
4294967279,0
4294967279,20
4294967279,17
4294967279,16
4294967279,12
